# ACT covariance matrix for the polonly variant with CMB marginalization (not for use with CMB 2-point spectra)
4.320542046486613326e-15 2.703174873733482646e-16 7.514722887092330918e-19 -6.135313197099580972e-17 5.548506150667617628e-18 -2.241460874361957214e-17 -3.119203975115820070e-17 -2.405670111669779948e-17 6.212489829194425924e-17 4.922040042278118028e-17 -2.471704057345823269e-17 3.171253935747757236e-18 3.229083290405479709e-17 -8.541127244427395020e-17 -4.110973860874418286e-17 7.663557868190550502e-18 1.045669013905870380e-16 -3.177395714340451099e-17
2.703174873733482646e-16 1.246554396277438859e-15 7.374017999135765485e-17 1.107066465568153050e-17 -7.445549155945022164e-18 5.808696381011906444e-18 -4.305649519274730281e-17 -2.378542911530798291e-17 6.033633432143532603e-17 -4.516598836381567411e-17 -2.761501189391677125e-17 1.274825976671375411e-17 2.747884576564616177e-17 1.555946729038201671e-17 2.901348606004038031e-17 -4.280091783314359770e-17 5.190320179477252486e-17 -2.506441338525434118e-17
7.514722887092330918e-19 7.374017999135765485e-17 5.119175147637135753e-16 1.793640275324748858e-17 2.036653780967389305e-17 -1.190726559246951388e-18 -4.988688553521053617e-18 1.737143751418777360e-17 -4.128647205715286436e-18 -1.707473833616720498e-17 1.672298029488220916e-18 2.824173358313580857e-17 -1.862860755720976268e-17 2.736802650625162836e-17 -6.120193346677064454e-19 -4.961416837398838339e-18 -1.316808205983841186e-17 2.361574160574366161e-17
-6.135313197099580972e-17 1.107066465568153050e-17 1.793640275324748858e-17 2.244112421703247776e-16 8.149609057111983006e-18 1.077004776328959905e-17 -1.170774173796688730e-17 -5.783118730586714140e-18 1.136818624199605883e-17 -1.216806910121969849e-17 -1.002777659751322717e-17 3.816237942936638333e-18 -9.336316700448994220e-18 -1.086966696786912906e-17 1.280823295332391705e-17 -1.382273555984674617e-17 6.295371990175285376e-18 -4.982269815825481920e-18
5.548506150667617628e-18 -7.445549155945022164e-18 2.036653780967389305e-17 8.149609057111983006e-18 1.446902288491870794e-16 1.172100734459095009e-17 1.842193404572756050e-18 1.124587432088499353e-17 4.524207878566954546e-19 -1.102320302370005488e-17 -7.271636314384372588e-19 -5.731971046120418009e-18 6.927533866944084207e-19 -1.465681599207286808e-17 -1.345632125130078139e-17 8.455631673514796284e-18 -3.301745799120024798e-17 -9.462496332435528001e-18
-2.241460874361957214e-17 5.808696381011906444e-18 -1.190726559246951388e-18 1.077004776328959905e-17 1.172100734459095009e-17 1.381437950329879143e-16 2.024812468413738595e-17 -1.111879829030414799e-18 4.836463349795535472e-18 -1.074143746649268189e-18 -2.909928340018382271e-17 -2.506469622192154483e-18 -2.811147134914148787e-18 5.421689572962043193e-18 -4.367986333479210373e-18 -1.811174135518337891e-18 9.092392518350406165e-18 -1.391571758255974542e-17
-3.119203975115820070e-17 -4.305649519274730281e-17 -4.988688553521053617e-18 -1.170774173796688730e-17 1.842193404572756050e-18 2.024812468413738595e-17 1.874009652407766402e-16 -2.117300336670110413e-17 -3.010405300733143496e-18 -4.618003408258428237e-18 2.838070134877406441e-18 -1.428770049130392903e-17 3.737769224908778463e-18 9.138337486319233220e-18 -1.118277248603626128e-17 -2.463977081832924927e-18 -3.923952653748482134e-18 -2.331813344623526877e-17
-2.405670111669779948e-17 -2.378542911530798291e-17 1.737143751418777360e-17 -5.783118730586714140e-18 1.124587432088499353e-17 -1.111879829030414799e-18 -2.117300336670110413e-17 2.859146218319190749e-16 -9.991937150190732016e-18 1.730783414594676014e-17 -3.060959816789486446e-17 1.882777747721672820e-17 -3.628963242049549047e-17 -7.045389994846092595e-18 -7.672162517943838933e-18 1.349811385767903176e-18 8.052571355551521580e-18 1.838947763791724546e-17
6.212489829194425924e-17 6.033633432143532603e-17 -4.128647205715286436e-18 1.136818624199605883e-17 4.524207878566954546e-19 4.836463349795535472e-18 -3.010405300733143496e-18 -9.991937150190732016e-18 2.477833671948086388e-16 1.408660368155102259e-17 1.404597386663063114e-17 -1.069380739898473200e-17 1.196631323485907767e-17 2.524704217779936809e-17 2.174312493144775430e-17 1.724939362786012181e-17 2.759070463884634866e-17 2.828670571331161749e-17
4.922040042278118028e-17 -4.516598836381567411e-17 -1.707473833616720498e-17 -1.216806910121969849e-17 -1.102320302370005488e-17 -1.074143746649268189e-18 -4.618003408258428237e-18 1.730783414594676014e-17 1.408660368155102259e-17 1.933965317509384144e-16 -4.516073404469026060e-18 -2.832553063981889990e-17 1.552615286624809703e-17 2.154078229354137488e-17 5.556864042896315383e-18 -4.657429198889188432e-18 8.043153552855726235e-19 2.403920768186120062e-17
-2.471704057345823269e-17 -2.761501189391677125e-17 1.672298029488220916e-18 -1.002777659751322717e-17 -7.271636314384372588e-19 -2.909928340018382271e-17 2.838070134877406441e-18 -3.060959816789486446e-17 1.404597386663063114e-17 -4.516073404469026060e-18 2.451483748657522393e-16 3.478150725849597888e-17 3.981949106233635073e-18 1.275315567286241861e-17 1.594748999411120992e-17 5.263302284588471140e-18 4.585167623782221289e-18 6.563569747179801475e-18
3.171253935747757236e-18 1.274825976671375411e-17 2.824173358313580857e-17 3.816237942936638333e-18 -5.731971046120418009e-18 -2.506469622192154483e-18 -1.428770049130392903e-17 1.882777747721672820e-17 -1.069380739898473200e-17 -2.832553063981889990e-17 3.478150725849597888e-17 2.557684864267296319e-16 5.879089878929727462e-18 -4.274225590484397832e-19 -3.282486160499376769e-18 3.282100862253511504e-17 2.240647642195206655e-17 -5.895912574059975494e-19
3.229083290405479709e-17 2.747884576564616177e-17 -1.862860755720976268e-17 -9.336316700448994220e-18 6.927533866944084207e-19 -2.811147134914148787e-18 3.737769224908778463e-18 -3.628963242049549047e-17 1.196631323485907767e-17 1.552615286624809703e-17 3.981949106233635073e-18 5.879089878929727462e-18 2.619801987691383403e-16 1.718837720523817650e-17 -7.566340033295364466e-18 -4.154287008659327415e-17 5.588083041225644576e-18 -3.182930241739585408e-17
-8.541127244427395020e-17 1.555946729038201671e-17 2.736802650625162836e-17 -1.086966696786912906e-17 -1.465681599207286808e-17 5.421689572962043193e-18 9.138337486319233220e-18 -7.045389994846092595e-18 2.524704217779936809e-17 2.154078229354137488e-17 1.275315567286241861e-17 -4.274225590484397832e-19 1.718837720523817650e-17 2.461077251706813326e-16 1.356622424129873825e-17 5.346552579922932435e-18 3.401298074349617361e-17 -1.026457567398928009e-18
-4.110973860874418286e-17 2.901348606004038031e-17 -6.120193346677064454e-19 1.280823295332391705e-17 -1.345632125130078139e-17 -4.367986333479210373e-18 -1.118277248603626128e-17 -7.672162517943838933e-18 2.174312493144775430e-17 5.556864042896315383e-18 1.594748999411120992e-17 -3.282486160499376769e-18 -7.566340033295364466e-18 1.356622424129873825e-17 3.598404031646902271e-16 2.138795253448945466e-17 -2.128074771018364223e-17 1.037292418294135708e-17
7.663557868190550502e-18 -4.280091783314359770e-17 -4.961416837398838339e-18 -1.382273555984674617e-17 8.455631673514796284e-18 -1.811174135518337891e-18 -2.463977081832924927e-18 1.349811385767903176e-18 1.724939362786012181e-17 -4.657429198889188432e-18 5.263302284588471140e-18 3.282100862253511504e-17 -4.154287008659327415e-17 5.346552579922932435e-18 2.138795253448945466e-17 4.669356840446728170e-16 3.482334809464697970e-17 5.748890620293799862e-17
1.045669013905870380e-16 5.190320179477252486e-17 -1.316808205983841186e-17 6.295371990175285376e-18 -3.301745799120024798e-17 9.092392518350406165e-18 -3.923952653748482134e-18 8.052571355551521580e-18 2.759070463884634866e-17 8.043153552855726235e-19 4.585167623782221289e-18 2.240647642195206655e-17 5.588083041225644576e-18 3.401298074349617361e-17 -2.128074771018364223e-17 3.482334809464697970e-17 6.493904159006749486e-16 3.435205287367415406e-17
-3.177395714340451099e-17 -2.506441338525434118e-17 2.361574160574366161e-17 -4.982269815825481920e-18 -9.462496332435528001e-18 -1.391571758255974542e-17 -2.331813344623526877e-17 1.838947763791724546e-17 2.828670571331161749e-17 2.403920768186120062e-17 6.563569747179801475e-18 -5.895912574059975494e-19 -3.182930241739585408e-17 -1.026457567398928009e-18 1.037292418294135708e-17 5.748890620293799862e-17 3.435205287367415406e-17 5.611850120410980798e-16
