4.297780219987610303e-15 2.008707367916214339e-16 1.532799679922735724e-18 -2.462552259206699274e-17 9.870983631683175468e-18 -2.488482005591563939e-17 -4.477945653749101675e-17 -4.206692573260769268e-19 5.992488662944026206e-17 2.507018243339308505e-17 6.397635740171412142e-18 -3.364988148064726342e-18 2.851265187707287094e-17 -8.778468122055880017e-17 -1.107146759651644425e-17 1.248146755748113628e-17 8.923507723460008212e-17 1.819224560790515195e-17
2.008707367916214339e-16 1.289011052078508486e-15 6.019800509772088299e-17 9.208620813539113554e-18 -1.182403773380482205e-17 -1.400643962631798143e-18 -1.500925337168990899e-17 1.886444235220054420e-18 3.814964774488481806e-17 -2.729014143266019525e-17 -2.068183420874591290e-17 7.659245575407799585e-18 2.582019511910254771e-17 9.529842567814541720e-18 2.602401359418158416e-17 -4.347290932182106892e-17 4.044394783385166213e-17 -2.247571714767796073e-17
1.532799679922735724e-18 6.019800509772088299e-17 5.649845938245017233e-16 2.888381798598211507e-17 -7.248829783939748608e-19 -3.538959913308641272e-18 -1.289403341283449142e-17 1.013746043377630896e-17 3.913603689579227949e-18 -1.838564786869801880e-17 -5.434232338670021090e-18 -6.248189993422598597e-18 -1.528951654461217135e-18 2.115698418238256830e-17 9.656098268132433475e-18 1.295182834810141057e-17 -1.017882093327679096e-17 4.456177873674682133e-18
-2.462552259206699274e-17 9.208620813539113554e-18 2.888381798598211507e-17 2.604345522213092890e-16 9.221872661077869310e-18 7.278578715487676765e-19 -1.095616291065833304e-17 6.622462017034604678e-18 8.862531135372453215e-18 -1.482488275277691742e-17 4.577439798815893315e-20 6.330947493598174075e-18 -5.909271629763524254e-18 -8.942456703607403621e-18 3.430989736086051399e-18 2.168818387634127449e-18 -4.989743474021241204e-18 1.452661782058641984e-17
9.870983631683175468e-18 -1.182403773380482205e-17 -7.248829783939748608e-19 9.221872661077869310e-18 1.705936000640859948e-16 1.016407506063049291e-17 -5.686988293813222021e-18 1.392423322957886153e-18 7.939789283402467072e-18 -9.322795693405189216e-18 5.838428975456945046e-18 8.703650973893545243e-18 4.641639768283479529e-18 -9.183208127866624103e-18 -2.096344774675282962e-17 1.743034693130042313e-17 -1.919360849629077504e-17 -1.382325704865195984e-17
-2.488482005591563939e-17 -1.400643962631798143e-18 -3.538959913308641272e-18 7.278578715487676765e-19 1.016407506063049291e-17 1.599949382338564308e-16 6.397913174296935252e-18 -4.290964970936840045e-19 -3.004070688038498510e-18 3.436752952398898370e-18 -1.735956557598260972e-17 5.959295844750027568e-18 -1.162748972147309865e-17 1.226988013249071614e-17 1.496976551788514011e-18 7.789747288274030331e-18 6.536657833630044500e-18 -4.495031959804944711e-18
-4.477945653749101675e-17 -1.500925337168990899e-17 -1.289403341283449142e-17 -1.095616291065833304e-17 -5.686988293813222021e-18 6.397913174296935252e-18 1.977876514862170116e-16 -5.348690899924694624e-18 4.321732005850937870e-18 -5.853785785019229660e-18 -5.114017312907914297e-18 -8.191019149447609772e-18 1.265090968278488209e-17 7.896823409792560952e-18 -1.143285041492758574e-17 -1.099162228448407422e-17 1.076276616292094278e-17 -1.479805111287473799e-17
-4.206692573260769268e-19 1.886444235220054420e-18 1.013746043377630896e-17 6.622462017034604678e-18 1.392423322957886153e-18 -4.290964970936840045e-19 -5.348690899924694624e-18 3.128154166175004273e-16 5.094681278060587285e-18 4.471956127276032242e-18 -1.147790119943296919e-17 2.599947973699715224e-18 -9.035281290580114581e-18 -4.471677026825055922e-18 4.455762698279317643e-18 1.597629850310364865e-17 -2.108262148517556574e-17 4.134645647147517018e-17
5.992488662944026206e-17 3.814964774488481806e-17 3.913603689579227949e-18 8.862531135372453215e-18 7.939789283402467072e-18 -3.004070688038498510e-18 4.321732005850937870e-18 5.094681278060587285e-18 2.934134628274088171e-16 -2.649588038265805779e-18 4.489716057593526716e-18 -1.215330456556839743e-17 1.929424541530514943e-17 1.421988570042302390e-17 1.533309833750938502e-17 9.187998567051488972e-18 3.047993952896629976e-17 -3.267315865834399333e-18
2.507018243339308505e-17 -2.729014143266019525e-17 -1.838564786869801880e-17 -1.482488275277691742e-17 -9.322795693405189216e-18 3.436752952398898370e-18 -5.853785785019229660e-18 4.471956127276032242e-18 -2.649588038265805779e-18 2.097046153852862659e-16 1.027888360346434357e-18 -1.152620640991265649e-17 1.778068352167964184e-18 1.165917224160222939e-17 3.555444580164104709e-18 3.270133945818436874e-18 -2.280341958589263333e-18 2.355592048221309362e-17
6.397635740171412142e-18 -2.068183420874591290e-17 -5.434232338670021090e-18 4.577439798815893315e-20 5.838428975456945046e-18 -1.735956557598260972e-17 -5.114017312907914297e-18 -1.147790119943296919e-17 4.489716057593526716e-18 1.027888360346434357e-18 2.543746387914487071e-16 2.168778652309064964e-17 -3.551776005460095375e-18 1.160964888049073696e-17 2.096380851544958102e-17 1.510107194769699231e-17 -2.267003298263661797e-18 1.610180607563971398e-17
-3.364988148064726342e-18 7.659245575407799585e-18 -6.248189993422598597e-18 6.330947493598174075e-18 8.703650973893545243e-18 5.959295844750027568e-18 -8.191019149447609772e-18 2.599947973699715224e-18 -1.215330456556839743e-17 -1.152620640991265649e-17 2.168778652309064964e-17 2.806427031045584614e-16 -1.160167303497034852e-18 -4.260460778213956246e-18 -9.705087134123762240e-18 2.643665218582977175e-17 1.563457744210319572e-17 1.334915506372348464e-17
2.851265187707287094e-17 2.582019511910254771e-17 -1.528951654461217135e-18 -5.909271629763524254e-18 4.641639768283479529e-18 -1.162748972147309865e-17 1.265090968278488209e-17 -9.035281290580114581e-18 1.929424541530514943e-17 1.778068352167964184e-18 -3.551776005460095375e-18 -1.160167303497034852e-18 2.835620157555640713e-16 9.646297933065146283e-18 -2.224511963246836674e-18 -1.119298296627308659e-17 5.823412789309856896e-18 -6.496180128579915526e-18
-8.778468122055880017e-17 9.529842567814541720e-18 2.115698418238256830e-17 -8.942456703607403621e-18 -9.183208127866624103e-18 1.226988013249071614e-17 7.896823409792560952e-18 -4.471677026825055922e-18 1.421988570042302390e-17 1.165917224160222939e-17 1.160964888049073696e-17 -4.260460778213956246e-18 9.646297933065146283e-18 2.974033165545392153e-16 1.530224129128374165e-17 5.888524881413755677e-18 4.040262175936363799e-17 4.205326555382913966e-18
-1.107146759651644425e-17 2.602401359418158416e-17 9.656098268132433475e-18 3.430989736086051399e-18 -2.096344774675282962e-17 1.496976551788514011e-18 -1.143285041492758574e-17 4.455762698279317643e-18 1.533309833750938502e-17 3.555444580164104709e-18 2.096380851544958102e-17 -9.705087134123762240e-18 -2.224511963246836674e-18 1.530224129128374165e-17 4.311117315129526839e-16 1.423348672279643108e-17 1.659517909978812689e-17 1.124980576379725611e-18
1.248146755748113628e-17 -4.347290932182106892e-17 1.295182834810141057e-17 2.168818387634127449e-18 1.743034693130042313e-17 7.789747288274030331e-18 -1.099162228448407422e-17 1.597629850310364865e-17 9.187998567051488972e-18 3.270133945818436874e-18 1.510107194769699231e-17 2.643665218582977175e-17 -1.119298296627308659e-17 5.888524881413755677e-18 1.423348672279643108e-17 5.838480017169872913e-16 2.379295028910827055e-17 5.099920527084141228e-17
8.923507723460008212e-17 4.044394783385166213e-17 -1.017882093327679096e-17 -4.989743474021241204e-18 -1.919360849629077504e-17 6.536657833630044500e-18 1.076276616292094278e-17 -2.108262148517556574e-17 3.047993952896629976e-17 -2.280341958589263333e-18 -2.267003298263661797e-18 1.563457744210319572e-17 5.823412789309856896e-18 4.040262175936363799e-17 1.659517909978812689e-17 2.379295028910827055e-17 7.018815189921300089e-16 5.039662288442849230e-17
1.819224560790515195e-17 -2.247571714767796073e-17 4.456177873674682133e-18 1.452661782058641984e-17 -1.382325704865195984e-17 -4.495031959804944711e-18 -1.479805111287473799e-17 4.134645647147517018e-17 -3.267315865834399333e-18 2.355592048221309362e-17 1.610180607563971398e-17 1.334915506372348464e-17 -6.496180128579915526e-18 4.205326555382913966e-18 1.124980576379725611e-18 5.099920527084141228e-17 5.039662288442849230e-17 6.633107139811134612e-16
