# Full ACTxPlanck covariance matrix with CMB marginalization (not for use with CMB 2-point spectra)
1.945483836362649446e-15 1.244359739372427098e-16 -1.479513123868713037e-17 -1.515730810481985983e-18 2.000698670572169484e-17 -9.804696695601140708e-18 5.233351227916579028e-18 3.923527380041433131e-18 -1.210294064564953982e-17 1.106889904524262603e-17 -2.430723005509513220e-18 9.005098272143967745e-18 3.333547486695393544e-18 -1.053314415329099689e-18 -2.450326549775879487e-18 4.810219953691607952e-19 3.355885836724541826e-18 5.235716455188093983e-18 7.278703123409800632e-17 4.169870262367458455e-18 3.167568560461952851e-18 2.307437956759250538e-18 1.672009601340965561e-18 1.211465521762411483e-18 8.961502893692231312e-19 7.081238694537899609e-19 6.043549324326376535e-19
1.244359739372427098e-16 5.687270655037225062e-16 2.313940876887739551e-17 -3.903253514301070068e-18 -5.747577816858695599e-18 3.618118697673577846e-18 -1.107043690132363085e-18 -1.708818329164847174e-18 4.152239596820582161e-18 4.934135774917586167e-19 -5.220153186028816392e-19 7.259971313448950487e-18 3.870771263182750901e-18 -1.753435421001077957e-18 -4.392390773080929854e-19 -2.819936745282880630e-19 2.251832895165807477e-18 -9.775838085359136779e-19 9.037011077463463164e-17 4.825205763262603242e-18 3.665781278958002692e-18 2.670892455982095337e-18 1.935993930075780147e-18 1.403389482313677746e-18 1.038665583450282755e-18 8.210007534040715694e-19 7.006813865224409586e-19
-1.479513123868713037e-17 2.313940876887739551e-17 2.534191611368816230e-16 1.039721363709412835e-17 -1.539053599767310456e-18 5.840822141965849624e-18 4.168090840635124152e-18 1.321408707857837992e-18 -1.050597547469846033e-18 -5.889572551451569736e-19 2.184107094484061023e-18 1.040732641290727108e-18 -7.558630266832171501e-19 1.322607846123916242e-18 2.151185337378218649e-18 1.501418227736849874e-18 1.680766965054798373e-18 -9.304884630812619289e-20 4.989697753476960347e-18 3.397093004139036614e-17 3.507745689107291926e-18 2.557199929575896915e-18 1.855298137225516719e-18 1.346716504965675213e-18 9.982520400421499222e-19 7.898001160041738848e-19 6.740299234412100855e-19
-1.515730810481985983e-18 -3.903253514301070068e-18 1.039721363709412835e-17 9.634189665844618853e-17 5.422758999897812596e-18 3.357880020231886555e-18 1.749683164670324615e-18 1.752220551709430408e-18 -2.305328589406659572e-18 -3.661843870202355392e-19 -7.883281500289381808e-19 -3.738912489459729442e-19 -4.647961317783261242e-20 6.146229773672775145e-20 4.522650992897848926e-19 2.633697543292298560e-19 -2.911537223152025999e-19 7.403006176080463958e-19 4.201343272475505587e-18 1.537159436070338770e-17 9.408158426061184374e-18 2.158738350474075126e-18 1.569916842109504075e-18 1.143518659253037960e-18 8.509561342524146274e-19 6.748796033513999523e-19 5.759099591100087564e-19
2.000698670572169484e-17 -5.747577816858695599e-18 -1.539053599767310456e-18 5.422758999897812596e-18 4.871502095155431748e-17 5.158423246690290975e-18 2.801958280424966276e-20 2.223518303157719219e-18 9.703192044756638568e-20 1.267560131744156493e-18 5.243309006794231425e-19 9.717199127214504390e-19 2.646692730365753503e-19 2.629592647654435680e-20 1.435398898356405427e-19 -4.882184289261443833e-19 1.402229166210807029e-18 7.577679726672878826e-19 3.214111528922941708e-18 2.976422692761338822e-18 1.097563842200433551e-17 4.442666007742886929e-18 1.214589303496118612e-18 8.916011184292570138e-19 6.692796727083675615e-19 5.336058289803453221e-19 4.552826505939822287e-19
-9.804696695601140708e-18 3.618118697673577846e-18 5.840822141965849624e-18 3.357880020231886555e-18 5.158423246690290975e-18 2.990112838813234789e-17 9.656389264849591970e-19 4.554411020680619789e-19 9.351168655581515413e-19 9.696873775670621334e-19 5.615423655214777838e-19 1.283708238846606672e-18 1.906171611662470023e-19 4.956542347752264093e-19 5.359658505108651196e-19 2.614475715323507155e-19 5.742036380282988685e-19 8.610804754246794110e-20 2.286897745811696405e-18 2.121168288327807045e-18 1.622544332394216599e-18 5.132739726843002663e-18 3.252106975733831076e-18 6.600603145833026651e-19 5.041778394626180793e-19 4.061672423355944293e-19 3.464504846163335850e-19
5.233351227916579028e-18 -1.107043690132363085e-18 4.168090840635124152e-18 1.749683164670324615e-18 2.801958280424966276e-20 9.656389264849591970e-19 2.261333890534207233e-17 9.983846274762220688e-19 1.616409452060071248e-18 3.910046062524195017e-19 6.666454350704354706e-19 7.901150132562703065e-19 3.961652886758739629e-19 5.747394563896161500e-19 3.163611387304921159e-19 5.308745366557860299e-19 4.220833310943873566e-19 1.347065582788781509e-18 1.531816695049275264e-18 1.425193956945739965e-18 1.098342014013848463e-18 8.209760731759958463e-19 6.196292531767211327e-19 4.455215708459020381e-18 3.740149914037780347e-19 3.064638230897250887e-19 2.612915118725615111e-19
3.923527380041433131e-18 -1.708818329164847174e-18 1.321408707857837992e-18 1.752220551709430408e-18 2.223518303157719219e-18 4.554411020680619789e-19 9.983846274762220688e-19 2.297521292968386542e-17 2.080418640076245932e-18 4.827582869643306285e-20 2.910019659687379740e-19 6.817648055560274643e-19 5.319663000432872641e-19 3.037061601803914626e-19 7.940230340136846705e-19 7.405584080269184992e-19 4.586505332012362833e-20 1.569823103444166844e-19 1.020333888464294783e-18 9.528719796401736741e-19 7.409517548444140846e-19 5.624945203670991435e-19 4.345479118858454666e-19 3.437110950718330077e-19 3.474471642454826024e-18 9.212482065531369521e-19 1.978271917648473610e-19
-1.210294064564953982e-17 4.152239596820582161e-18 -1.050597547469846033e-18 -2.305328589406659572e-18 9.703192044756638568e-20 9.351168655581515413e-19 1.616409452060071248e-18 2.080418640076245932e-18 1.559761938958670113e-17 9.347830107139155831e-19 7.319993932409608581e-19 7.875528709158268750e-19 5.803749304821712011e-19 3.881549661657274604e-19 1.109774819353975680e-19 5.022982691667358839e-19 4.718628587849526238e-19 4.488307263817857633e-19 7.461126684884583367e-19 6.974109315588638606e-19 5.434647602149566910e-19 4.140717035020807092e-19 3.215839686418719992e-19 2.560634714423551129e-19 2.089083108489479375e-19 1.746291000615479751e-19 1.690618354293820039e-18
1.106889904524262603e-17 4.934135774917586167e-19 -5.889572551451569736e-19 -3.661843870202355392e-19 1.267560131744156493e-18 9.696873775670621334e-19 3.910046062524195017e-19 4.827582869643306285e-20 9.347830107139155831e-19 1.043574656594753012e-17 5.594971393246599253e-19 1.115488079818213690e-18 7.173204499325891018e-19 2.538043189685617910e-19 2.439177979948141136e-19 -1.729538619989400211e-19 3.329654700128140511e-19 -5.908797472923530379e-20 5.671486350672424786e-19 5.297962451905141689e-19 4.122298854015107947e-19 3.132764179974784709e-19 2.423802285702348718e-19 1.920673792603571770e-19 1.559819676744295336e-19 1.300748453011143549e-19 1.108794552883468299e-19
-2.430723005509513220e-18 -5.220153186028816392e-19 2.184107094484061023e-18 -7.883281500289381808e-19 5.243309006794231425e-19 5.615423655214777838e-19 6.666454350704354706e-19 2.910019659687379740e-19 7.319993932409608581e-19 5.594971393246599253e-19 7.426283152729168281e-18 3.319845574589628435e-19 1.381431013996399188e-19 4.036303525052864159e-19 1.719755098196516186e-19 3.326881549637180207e-19 3.331339977109867577e-19 4.512956535047385413e-19 4.128655766863311598e-19 3.860203491438556443e-19 3.009995210498951387e-19 2.295761681022991738e-19 1.785653862872443594e-19 1.424480155584068477e-19 1.164209207307571425e-19 9.741437194862052030e-20 8.303449567764478685e-20
9.005098272143967745e-18 7.259971313448950487e-18 1.040732641290727108e-18 -3.738912489459729442e-19 9.717199127214504390e-19 1.283708238846606672e-18 7.901150132562703065e-19 6.817648055560274643e-19 7.875528709158268750e-19 1.115488079818213690e-18 3.319845574589628435e-19 6.759311662584707589e-18 6.888809588804267343e-19 3.111926958855267455e-19 3.139647958460915204e-19 3.882705632311187427e-19 7.142594143359917907e-19 4.591331924108467227e-19 3.062809588058414477e-19 2.865648776457129786e-19 2.238148754955570610e-19 1.711786524673101476e-19 1.336752219873617968e-19 1.071652505301906870e-19 8.798944408371937780e-20 7.380530701715696186e-20 6.290967062273200541e-20
3.333547486695393544e-18 3.870771263182750901e-18 -7.558630266832171501e-19 -4.647961317783261242e-20 2.646692730365753503e-19 1.906171611662470023e-19 3.961652886758739629e-19 5.319663000432872641e-19 5.803749304821712011e-19 7.173204499325891018e-19 1.381431013996399188e-19 6.888809588804267343e-19 4.824885684071894379e-18 1.392443928114180065e-19 2.759862774575415876e-19 1.984930236792144564e-19 3.552652585121528647e-19 -4.977285238003672811e-22 2.360359224768507000e-19 2.208104037987707242e-19 1.724007171864574915e-19 1.317804098356595631e-19 1.028222162037643771e-19 8.234341385353938429e-20 6.754123079158515607e-20 5.662322318905385780e-20 4.826541463333746138e-20
-1.053314415329099689e-18 -1.753435421001077957e-18 1.322607846123916242e-18 6.146229773672775145e-20 2.629592647654435680e-20 4.956542347752264093e-19 5.747394563896161500e-19 3.037061601803914626e-19 3.881549661657274604e-19 2.538043189685617910e-19 4.036303525052864159e-19 3.111926958855267455e-19 1.392443928114180065e-19 3.388998275141301655e-18 2.529277441478211711e-19 2.149732198351487741e-19 2.933502452919747783e-19 4.209292761732756928e-19 1.730919794597169298e-19 1.620565314340502437e-19 1.267685099013357151e-19 9.721072393347032972e-20 7.620114931678985919e-20 6.137723321964021937e-20 5.061645190466229345e-20 4.255694707762177153e-20 3.627669778647531125e-20
-2.450326549775879487e-18 -4.392390773080929854e-19 2.151185337378218649e-18 4.522650992897848926e-19 1.435398898356405427e-19 5.359658505108651196e-19 3.163611387304921159e-19 7.940230340136846705e-19 1.109774819353975680e-19 2.439177979948141136e-19 1.719755098196516186e-19 3.139647958460915204e-19 2.759862774575415876e-19 2.529277441478211711e-19 2.942751703114701822e-18 2.810736012493214371e-19 4.492046760996083110e-19 5.657261798283848255e-19 1.275070684992313226e-19 1.194284316592192330e-19 9.351522588074834434e-20 7.182941021325280452e-20 5.643702265700817496e-20 4.558759605152800912e-20 3.769518304205363693e-20 3.174034978564566844e-20 2.706079794584435167e-20
4.810219953691607952e-19 -2.819936745282880630e-19 1.501418227736849874e-18 2.633697543292298560e-19 -4.882184289261443833e-19 2.614475715323507155e-19 5.308745366557860299e-19 7.405584080269184992e-19 5.022982691667358839e-19 -1.729538619989400211e-19 3.326881549637180207e-19 3.882705632311187427e-19 1.984930236792144564e-19 2.149732198351487741e-19 2.810736012493214371e-19 2.839769782946316022e-18 7.452463646893067635e-19 1.190063804348023084e-18 9.748936154997357596e-20 9.137131654555247560e-20 7.165377224939014078e-20 5.517644117085311878e-20 4.350768301477651094e-20 3.529611861739135598e-20 2.930139482270062639e-20 2.472518893206175570e-20 2.108211868059920180e-20
3.355885836724541826e-18 2.251832895165807477e-18 1.680766965054798373e-18 -2.911537223152025999e-19 1.402229166210807029e-18 5.742036380282988685e-19 4.220833310943873566e-19 4.586505332012362833e-20 4.718628587849526238e-19 3.329654700128140511e-19 3.331339977109867577e-19 7.142594143359917907e-19 3.552652585121528647e-19 2.933502452919747783e-19 4.492046760996083110e-19 7.452463646893067635e-19 3.645769604565896276e-18 1.861987537220438258e-18 7.710467917728718724e-20 7.230786780364141731e-20 5.678302100526445315e-20 4.382753888676777460e-20 3.467564611564807658e-20 2.824947975704554352e-20 2.354363150727259090e-20 1.990863783006235146e-20 1.697705692314602398e-20
5.235716455188093983e-18 -9.775838085359136779e-19 -9.304884630812619289e-20 7.403006176080463958e-19 7.577679726672878826e-19 8.610804754246794110e-20 1.347065582788781509e-18 1.569823103444166844e-19 4.488307263817857633e-19 -5.908797472923530379e-20 4.512956535047385413e-19 4.591331924108467227e-19 -4.977285238003672811e-22 4.209292761732756928e-19 5.657261798283848255e-19 1.190063804348023084e-18 1.861987537220438258e-18 6.525020754393874185e-18 5.869666156453071894e-20 5.508201457838594834e-20 4.332364009733159676e-20 3.352679618341201541e-20 2.662370071565259706e-20 2.178563090200454325e-20 1.822980643437169225e-20 1.544954919868334522e-20 1.317751722760855602e-20
7.278703123409800632e-17 9.037011077463463164e-17 4.989697753476960347e-18 4.201343272475505587e-18 3.214111528922941708e-18 2.286897745811696405e-18 1.531816695049275264e-18 1.020333888464294783e-18 7.461126684884583367e-19 5.671486350672424786e-19 4.128655766863311598e-19 3.062809588058414477e-19 2.360359224768507000e-19 1.730919794597169298e-19 1.275070684992313226e-19 9.748936154997357596e-20 7.710467917728718724e-20 5.869666156453071894e-20 3.062445730659963967e-16 7.289882360437595285e-19 3.948086792628724177e-18 -9.038092164101353583e-19 4.087658668845390428e-18 1.574173352520473243e-18 2.089874148488304627e-18 3.992408237540694514e-18 2.200963553011219969e-18
4.169870262367458455e-18 4.825205763262603242e-18 3.397093004139036614e-17 1.537159436070338770e-17 2.976422692761338822e-18 2.121168288327807045e-18 1.425193956945739965e-18 9.528719796401736741e-19 6.974109315588638606e-19 5.297962451905141689e-19 3.860203491438556443e-19 2.865648776457129786e-19 2.208104037987707242e-19 1.620565314340502437e-19 1.194284316592192330e-19 9.137131654555247560e-20 7.230786780364141731e-20 5.508201457838594834e-20 7.289882360437595285e-19 8.568771477979448045e-17 4.503592684214556171e-18 -6.117030137827120222e-19 6.452204333408841636e-19 4.265295856953068289e-18 4.309231979998397788e-18 4.321479238692010376e-18 6.011421788189954169e-19
3.167568560461952851e-18 3.665781278958002692e-18 3.507745689107291926e-18 9.408158426061184374e-18 1.097563842200433551e-17 1.622544332394216599e-18 1.098342014013848463e-18 7.409517548444140846e-19 5.434647602149566910e-19 4.122298854015107947e-19 3.009995210498951387e-19 2.238148754955570610e-19 1.724007171864574915e-19 1.267685099013357151e-19 9.351522588074834434e-20 7.165377224939014078e-20 5.678302100526445315e-20 4.332364009733159676e-20 3.948086792628724177e-18 4.503592684214556171e-18 4.546707964588704293e-17 5.146473526324250810e-18 1.019806718495733818e-18 -7.312437206690277906e-19 3.096844344525656180e-18 2.115683573553732272e-18 3.151180990228748463e-18
2.307437956759250538e-18 2.670892455982095337e-18 2.557199929575896915e-18 2.158738350474075126e-18 4.442666007742886929e-18 5.132739726843002663e-18 8.209760731759958463e-19 5.624945203670991435e-19 4.140717035020807092e-19 3.132764179974784709e-19 2.295761681022991738e-19 1.711786524673101476e-19 1.317804098356595631e-19 9.721072393347032972e-20 7.182941021325280452e-20 5.517644117085311878e-20 4.382753888676777460e-20 3.352679618341201541e-20 -9.038092164101353583e-19 -6.117030137827120222e-19 5.146473526324250810e-18 3.521078663765381392e-17 3.439131015559550219e-18 -2.774901425246686281e-19 -1.824502360212965645e-19 -4.452067890419832788e-19 2.671179130321225482e-18
1.672009601340965561e-18 1.935993930075780147e-18 1.855298137225516719e-18 1.569916842109504075e-18 1.214589303496118612e-18 3.252106975733831076e-18 6.196292531767211327e-19 4.345479118858454666e-19 3.215839686418719992e-19 2.423802285702348718e-19 1.785653862872443594e-19 1.336752219873617968e-19 1.028222162037643771e-19 7.620114931678985919e-20 5.643702265700817496e-20 4.350768301477651094e-20 3.467564611564807658e-20 2.662370071565259706e-20 4.087658668845390428e-18 6.452204333408841636e-19 1.019806718495733818e-18 3.439131015559550219e-18 3.337503612602578752e-17 4.099592363056286706e-18 1.524379585152842138e-18 5.576748849210953693e-19 4.229580563023709816e-18
1.211465521762411483e-18 1.403389482313677746e-18 1.346716504965675213e-18 1.143518659253037960e-18 8.916011184292570138e-19 6.600603145833026651e-19 4.455215708459020381e-18 3.437110950718330077e-19 2.560634714423551129e-19 1.920673792603571770e-19 1.424480155584068477e-19 1.071652505301906870e-19 8.234341385353938429e-20 6.137723321964021937e-20 4.558759605152800912e-20 3.529611861739135598e-20 2.824947975704554352e-20 2.178563090200454325e-20 1.574173352520473243e-18 4.265295856953068289e-18 -7.312437206690277906e-19 -2.774901425246686281e-19 4.099592363056286706e-18 4.036257555392950212e-17 2.432791844694440178e-18 2.024874923071165232e-18 4.165084889751543078e-18
8.961502893692231312e-19 1.038665583450282755e-18 9.982520400421499222e-19 8.509561342524146274e-19 6.692796727083675615e-19 5.041778394626180793e-19 3.740149914037780347e-19 3.474471642454826024e-18 2.089083108489479375e-19 1.559819676744295336e-19 1.164209207307571425e-19 8.798944408371937780e-20 6.754123079158515607e-20 5.061645190466229345e-20 3.769518304205363693e-20 2.930139482270062639e-20 2.354363150727259090e-20 1.822980643437169225e-20 2.089874148488304627e-18 4.309231979998397788e-18 3.096844344525656180e-18 -1.824502360212965645e-19 1.524379585152842138e-18 2.432791844694440178e-18 4.518334398705970661e-17 1.699566274447128693e-18 1.676767410714432511e-18
7.081238694537899609e-19 8.210007534040715694e-19 7.898001160041738848e-19 6.748796033513999523e-19 5.336058289803453221e-19 4.061672423355944293e-19 3.064638230897250887e-19 9.212482065531369521e-19 1.746291000615479751e-19 1.300748453011143549e-19 9.741437194862052030e-20 7.380530701715696186e-20 5.662322318905385780e-20 4.255694707762177153e-20 3.174034978564566844e-20 2.472518893206175570e-20 1.990863783006235146e-20 1.544954919868334522e-20 3.992408237540694514e-18 4.321479238692010376e-18 2.115683573553732272e-18 -4.452067890419832788e-19 5.576748849210953693e-19 2.024874923071165232e-18 1.699566274447128693e-18 4.113405513692462051e-17 1.905013059104495520e-18
6.043549324326376535e-19 7.006813865224409586e-19 6.740299234412100855e-19 5.759099591100087564e-19 4.552826505939822287e-19 3.464504846163335850e-19 2.612915118725615111e-19 1.978271917648473610e-19 1.690618354293820039e-18 1.108794552883468299e-19 8.303449567764478685e-20 6.290967062273200541e-20 4.826541463333746138e-20 3.627669778647531125e-20 2.706079794584435167e-20 2.108211868059920180e-20 1.697705692314602398e-20 1.317751722760855602e-20 2.200963553011219969e-18 6.011421788189954169e-19 3.151180990228748463e-18 2.671179130321225482e-18 4.229580563023709816e-18 4.165084889751543078e-18 1.676767410714432511e-18 1.905013059104495520e-18 4.161401412127592253e-17
