1.940651745842515054e-15 1.188466689467614900e-16 -2.013473354730467843e-17 -5.996794737354746309e-18 1.660591446620304970e-17 -1.218232362458310675e-17 3.696582018077382779e-18 2.946101372322132278e-18 -1.280915302819357080e-17 1.052779398225325061e-17 -2.819880446731684159e-18 8.719321764370806285e-18 3.113249777760589667e-18 -1.212422450028857725e-18 -2.566099901282546599e-18 3.939792144297686034e-19 3.288316691513727273e-18 5.185491674862628547e-18 6.827855588608003543e-17 0.000000000000000000e+00 0.000000000000000000e+00 0.000000000000000000e+00 0.000000000000000000e+00 0.000000000000000000e+00 0.000000000000000000e+00 0.000000000000000000e+00 0.000000000000000000e+00 2.486301602226439406e-16 1.983155409762417235e-16 0.000000000000000000e+00 0.000000000000000000e+00 0.000000000000000000e+00 0.000000000000000000e+00 0.000000000000000000e+00 0.000000000000000000e+00 0.000000000000000000e+00 0.000000000000000000e+00 0.000000000000000000e+00 0.000000000000000000e+00 0.000000000000000000e+00 0.000000000000000000e+00 0.000000000000000000e+00 0.000000000000000000e+00
1.188466689467614900e-16 5.622618227189811378e-16 1.696284072313135300e-17 -9.087040803884392913e-18 -9.682573857805518404e-18 8.663826028538352587e-19 -2.886722276857078954e-18 -2.841654811152714045e-18 3.333580735669996417e-18 -1.337524720782246312e-19 -9.731516009566873723e-19 6.928635714634086931e-18 3.615370263350455009e-18 -1.937917422238838067e-18 -5.734760983301486031e-19 -3.829231571612543895e-19 2.173482268747036580e-18 -1.035825338077328974e-18 8.515331811044191203e-17 0.000000000000000000e+00 0.000000000000000000e+00 0.000000000000000000e+00 0.000000000000000000e+00 0.000000000000000000e+00 0.000000000000000000e+00 0.000000000000000000e+00 0.000000000000000000e+00 1.982029585403631785e-16 1.151884083774964980e-16 0.000000000000000000e+00 0.000000000000000000e+00 0.000000000000000000e+00 0.000000000000000000e+00 0.000000000000000000e+00 0.000000000000000000e+00 0.000000000000000000e+00 0.000000000000000000e+00 0.000000000000000000e+00 0.000000000000000000e+00 0.000000000000000000e+00 0.000000000000000000e+00 0.000000000000000000e+00 0.000000000000000000e+00
-2.013473354730467843e-17 1.696284072313135300e-17 2.475179604768886525e-16 5.443658297632534388e-18 -5.300788381277757814e-18 3.207958863347423609e-18 2.462306398725390155e-18 2.331244705492806286e-19 -1.837497095307945466e-18 -1.191531733012213862e-18 1.750424740438008386e-18 7.220905778398587488e-19 -1.001436638663614910e-18 1.145157971290911479e-18 2.022056144017169850e-18 1.404309596662993114e-18 1.605369952262013713e-18 -1.491074647404533247e-19 0.000000000000000000e+00 2.935518434528128830e-17 0.000000000000000000e+00 0.000000000000000000e+00 0.000000000000000000e+00 0.000000000000000000e+00 0.000000000000000000e+00 0.000000000000000000e+00 0.000000000000000000e+00 1.500469317479799864e-16 9.766078985544425807e-17 6.093935508959044291e-17 0.000000000000000000e+00 0.000000000000000000e+00 0.000000000000000000e+00 0.000000000000000000e+00 0.000000000000000000e+00 0.000000000000000000e+00 0.000000000000000000e+00 0.000000000000000000e+00 0.000000000000000000e+00 0.000000000000000000e+00 0.000000000000000000e+00 0.000000000000000000e+00 0.000000000000000000e+00
-5.996794737354746309e-18 -9.087040803884392913e-18 5.443658297632534388e-18 9.218196407170867401e-17 2.260510996563212732e-18 1.139741357655001557e-18 3.062334032941441780e-19 8.260063668907910260e-19 -2.975980660378909584e-18 -8.791901178382011983e-19 -1.158053956845974839e-18 -6.458137231816664512e-19 -2.559602521519696275e-19 -9.005953714007231678e-20 3.419744513275345100e-19 1.803787835284474201e-19 -3.556250981312987887e-19 6.923320264905348184e-19 0.000000000000000000e+00 1.148385054202764757e-17 6.451294297565595309e-18 0.000000000000000000e+00 0.000000000000000000e+00 0.000000000000000000e+00 0.000000000000000000e+00 0.000000000000000000e+00 0.000000000000000000e+00 0.000000000000000000e+00 5.780587575901413080e-17 3.887693475924858170e-17 2.767170302145598484e-17 0.000000000000000000e+00 0.000000000000000000e+00 0.000000000000000000e+00 0.000000000000000000e+00 0.000000000000000000e+00 0.000000000000000000e+00 0.000000000000000000e+00 0.000000000000000000e+00 0.000000000000000000e+00 0.000000000000000000e+00 0.000000000000000000e+00 0.000000000000000000e+00
1.660591446620304970e-17 -9.682573857805518404e-18 -5.300788381277757814e-18 2.260510996563212732e-18 4.630565092738273681e-17 3.459957017019955101e-18 -1.088275221940183094e-18 1.498066502953507294e-18 -4.298788532134196712e-19 8.654486791484967201e-19 2.336483421830891513e-19 7.574600787155964114e-19 9.975435056004172321e-20 -9.326307717132597585e-20 5.645475677040731399e-20 -5.538401816240964759e-19 1.351181645663814379e-18 7.197239171563596998e-19 0.000000000000000000e+00 0.000000000000000000e+00 8.707750082337325150e-18 2.781442285360010096e-18 0.000000000000000000e+00 0.000000000000000000e+00 0.000000000000000000e+00 0.000000000000000000e+00 0.000000000000000000e+00 0.000000000000000000e+00 0.000000000000000000e+00 2.517461147784101566e-17 1.731214304763232850e-17 1.044248847172315136e-17 0.000000000000000000e+00 0.000000000000000000e+00 0.000000000000000000e+00 0.000000000000000000e+00 0.000000000000000000e+00 0.000000000000000000e+00 0.000000000000000000e+00 0.000000000000000000e+00 0.000000000000000000e+00 0.000000000000000000e+00 0.000000000000000000e+00
-1.218232362458310675e-17 8.663826028538352587e-19 3.207958863347423609e-18 1.139741357655001557e-18 3.459957017019955101e-18 2.869097076883279468e-17 1.535523440190159942e-19 -8.610480028487781550e-20 5.393503151808231127e-19 6.690475004993542324e-19 3.428995325463848616e-19 1.121845247694058976e-18 6.624032266466278820e-20 4.050690029838195561e-19 4.698860801928206013e-19 2.115102542071152844e-19 5.352455773686002291e-19 5.697505876604711445e-20 0.000000000000000000e+00 0.000000000000000000e+00 0.000000000000000000e+00 3.935862016572576377e-18 2.367164803548402367e-18 0.000000000000000000e+00 0.000000000000000000e+00 0.000000000000000000e+00 0.000000000000000000e+00 0.000000000000000000e+00 0.000000000000000000e+00 0.000000000000000000e+00 0.000000000000000000e+00 6.996285856780115754e-18 3.999168787613366085e-18 0.000000000000000000e+00 0.000000000000000000e+00 0.000000000000000000e+00 0.000000000000000000e+00 0.000000000000000000e+00 0.000000000000000000e+00 0.000000000000000000e+00 0.000000000000000000e+00 0.000000000000000000e+00 0.000000000000000000e+00
3.696582018077382779e-18 -2.886722276857078954e-18 2.462306398725390155e-18 3.062334032941441780e-19 -1.088275221940183094e-18 1.535523440190159942e-19 2.204678461325650238e-17 6.031007440965271673e-19 1.324514826748589743e-18 1.709673993686671807e-19 5.049935816376274456e-19 6.695779957337369343e-19 3.037951167710007362e-19 5.069451885826903749e-19 2.667773524056205072e-19 4.932232413648735535e-19 3.925657209527373206e-19 1.324869074324529003e-18 0.000000000000000000e+00 0.000000000000000000e+00 0.000000000000000000e+00 0.000000000000000000e+00 0.000000000000000000e+00 3.979801226880199373e-18 0.000000000000000000e+00 0.000000000000000000e+00 0.000000000000000000e+00 0.000000000000000000e+00 0.000000000000000000e+00 0.000000000000000000e+00 0.000000000000000000e+00 0.000000000000000000e+00 2.677569842304088013e-18 1.427707352779839204e-18 0.000000000000000000e+00 0.000000000000000000e+00 0.000000000000000000e+00 0.000000000000000000e+00 0.000000000000000000e+00 0.000000000000000000e+00 0.000000000000000000e+00 0.000000000000000000e+00 0.000000000000000000e+00
2.946101372322132278e-18 -2.841654811152714045e-18 2.331244705492806286e-19 8.260063668907910260e-19 1.498066502953507294e-18 -8.610480028487781550e-20 6.031007440965271673e-19 2.268579078337804011e-17 1.864420758205138098e-18 -1.133090783788309498e-19 1.710728253963954648e-19 5.916985807013211515e-19 4.631289438221987047e-19 2.527918174094113403e-19 7.566817216982155856e-19 7.120686113164812876e-19 2.341837195820213833e-20 1.400117511949834085e-19 0.000000000000000000e+00 0.000000000000000000e+00 0.000000000000000000e+00 0.000000000000000000e+00 0.000000000000000000e+00 0.000000000000000000e+00 3.195834483468851661e-18 6.891365975448977705e-19 0.000000000000000000e+00 0.000000000000000000e+00 0.000000000000000000e+00 0.000000000000000000e+00 0.000000000000000000e+00 0.000000000000000000e+00 0.000000000000000000e+00 1.005127387443196551e-18 5.135608167665037202e-19 0.000000000000000000e+00 0.000000000000000000e+00 0.000000000000000000e+00 0.000000000000000000e+00 0.000000000000000000e+00 0.000000000000000000e+00 0.000000000000000000e+00 0.000000000000000000e+00
-1.280915302819357080e-17 3.333580735669996417e-18 -1.837497095307945466e-18 -2.975980660378909584e-18 -4.298788532134196712e-19 5.393503151808231127e-19 1.324514826748589743e-18 1.864420758205138098e-18 1.543602756359278755e-17 8.140757332934901324e-19 6.422104084727011250e-19 7.200174751617896153e-19 5.287856012809596086e-19 3.499301928695020821e-19 8.291938081333526370e-20 4.808675588154316087e-19 4.549576655967265712e-19 4.360339462646495122e-19 0.000000000000000000e+00 0.000000000000000000e+00 0.000000000000000000e+00 0.000000000000000000e+00 0.000000000000000000e+00 0.000000000000000000e+00 0.000000000000000000e+00 0.000000000000000000e+00 1.541779443323763974e-18 0.000000000000000000e+00 0.000000000000000000e+00 0.000000000000000000e+00 0.000000000000000000e+00 0.000000000000000000e+00 0.000000000000000000e+00 0.000000000000000000e+00 0.000000000000000000e+00 1.863215073972956787e-19 0.000000000000000000e+00 0.000000000000000000e+00 0.000000000000000000e+00 0.000000000000000000e+00 0.000000000000000000e+00 0.000000000000000000e+00 0.000000000000000000e+00
1.052779398225325061e-17 -1.337524720782246312e-19 -1.191531733012213862e-18 -8.791901178382011983e-19 8.654486791484967201e-19 6.690475004993542324e-19 1.709673993686671807e-19 -1.133090783788309498e-19 8.140757332934901324e-19 1.034546297350843351e-17 4.924396800923791006e-19 1.065101472290553366e-18 6.788147767850766060e-19 2.253030137066037767e-19 2.230009331186721296e-19 -1.889207663700968770e-19 3.203781024693935535e-19 -6.860975519921329531e-20 0.000000000000000000e+00 0.000000000000000000e+00 0.000000000000000000e+00 0.000000000000000000e+00 0.000000000000000000e+00 0.000000000000000000e+00 0.000000000000000000e+00 0.000000000000000000e+00 0.000000000000000000e+00 0.000000000000000000e+00 0.000000000000000000e+00 0.000000000000000000e+00 0.000000000000000000e+00 0.000000000000000000e+00 0.000000000000000000e+00 0.000000000000000000e+00 0.000000000000000000e+00 1.282943399930202223e-19 0.000000000000000000e+00 0.000000000000000000e+00 0.000000000000000000e+00 0.000000000000000000e+00 0.000000000000000000e+00 0.000000000000000000e+00 0.000000000000000000e+00
-2.819880446731684159e-18 -9.731516009566873723e-19 1.750424740438008386e-18 -1.158053956845974839e-18 2.336483421830891513e-19 3.428995325463848616e-19 5.049935816376274456e-19 1.710728253963954648e-19 6.422104084727011250e-19 4.924396800923791006e-19 7.376369029366419566e-18 2.944217992274490130e-19 1.094488765955064673e-19 3.823519198241007775e-19 1.563448775635626302e-19 3.207406825485494076e-19 3.237016328997292615e-19 4.441501526188652920e-19 0.000000000000000000e+00 0.000000000000000000e+00 0.000000000000000000e+00 0.000000000000000000e+00 0.000000000000000000e+00 0.000000000000000000e+00 0.000000000000000000e+00 0.000000000000000000e+00 0.000000000000000000e+00 0.000000000000000000e+00 0.000000000000000000e+00 0.000000000000000000e+00 0.000000000000000000e+00 0.000000000000000000e+00 0.000000000000000000e+00 0.000000000000000000e+00 0.000000000000000000e+00 0.000000000000000000e+00 4.874325083309521534e-20 0.000000000000000000e+00 0.000000000000000000e+00 0.000000000000000000e+00 0.000000000000000000e+00 0.000000000000000000e+00 0.000000000000000000e+00
8.719321764370806285e-18 6.928635714634086931e-18 7.220905778398587488e-19 -6.458137231816664512e-19 7.574600787155964114e-19 1.121845247694058976e-18 6.695779957337369343e-19 5.916985807013211515e-19 7.200174751617896153e-19 1.065101472290553366e-18 2.944217992274490130e-19 6.731010368279234024e-18 6.672638318453229831e-19 2.951377527998020574e-19 3.021589282979551488e-19 3.792336929571901402e-19 7.071147493194498309e-19 4.537117528234050980e-19 0.000000000000000000e+00 0.000000000000000000e+00 0.000000000000000000e+00 0.000000000000000000e+00 0.000000000000000000e+00 0.000000000000000000e+00 0.000000000000000000e+00 0.000000000000000000e+00 0.000000000000000000e+00 0.000000000000000000e+00 0.000000000000000000e+00 0.000000000000000000e+00 0.000000000000000000e+00 0.000000000000000000e+00 0.000000000000000000e+00 0.000000000000000000e+00 0.000000000000000000e+00 0.000000000000000000e+00 0.000000000000000000e+00 1.908334416877687281e-20 0.000000000000000000e+00 0.000000000000000000e+00 0.000000000000000000e+00 0.000000000000000000e+00 0.000000000000000000e+00
3.113249777760589667e-18 3.615370263350455009e-18 -1.001436638663614910e-18 -2.559602521519696275e-19 9.975435056004172321e-20 6.624032266466278820e-20 3.037951167710007362e-19 4.631289438221987047e-19 5.287856012809596086e-19 6.788147767850766060e-19 1.094488765955064673e-19 6.672638318453229831e-19 4.808365941183774483e-18 1.269722326888213509e-19 2.669556474970267858e-19 1.915747631842205908e-19 3.497911627116429158e-19 -4.655672604998377027e-21 0.000000000000000000e+00 0.000000000000000000e+00 0.000000000000000000e+00 0.000000000000000000e+00 0.000000000000000000e+00 0.000000000000000000e+00 0.000000000000000000e+00 0.000000000000000000e+00 0.000000000000000000e+00 0.000000000000000000e+00 0.000000000000000000e+00 0.000000000000000000e+00 0.000000000000000000e+00 0.000000000000000000e+00 0.000000000000000000e+00 0.000000000000000000e+00 0.000000000000000000e+00 0.000000000000000000e+00 0.000000000000000000e+00 0.000000000000000000e+00 0.000000000000000000e+00 0.000000000000000000e+00 0.000000000000000000e+00 0.000000000000000000e+00 0.000000000000000000e+00
-1.212422450028857725e-18 -1.937917422238838067e-18 1.145157971290911479e-18 -9.005953714007231678e-20 -9.326307717132597585e-20 4.050690029838195561e-19 5.069451885826903749e-19 2.527918174094113403e-19 3.499301928695020821e-19 2.253030137066037767e-19 3.823519198241007775e-19 2.951377527998020574e-19 1.269722326888213509e-19 3.379858787919492283e-18 2.461878180989669645e-19 2.097960532252751446e-19 2.892417281693490246e-19 4.177987925232722533e-19 0.000000000000000000e+00 0.000000000000000000e+00 0.000000000000000000e+00 0.000000000000000000e+00 0.000000000000000000e+00 0.000000000000000000e+00 0.000000000000000000e+00 0.000000000000000000e+00 0.000000000000000000e+00 0.000000000000000000e+00 0.000000000000000000e+00 0.000000000000000000e+00 0.000000000000000000e+00 0.000000000000000000e+00 0.000000000000000000e+00 0.000000000000000000e+00 0.000000000000000000e+00 0.000000000000000000e+00 0.000000000000000000e+00 0.000000000000000000e+00 0.000000000000000000e+00 0.000000000000000000e+00 0.000000000000000000e+00 0.000000000000000000e+00 0.000000000000000000e+00
-2.566099901282546599e-18 -5.734760983301486031e-19 2.022056144017169850e-18 3.419744513275345100e-19 5.645475677040731399e-20 4.698860801928206013e-19 2.667773524056205072e-19 7.566817216982155856e-19 8.291938081333526370e-20 2.230009331186721296e-19 1.563448775635626302e-19 3.021589282979551488e-19 2.669556474970267858e-19 2.461878180989669645e-19 2.937768684987649090e-18 2.772346139458454898e-19 4.461486283371724713e-19 5.633890919432460246e-19 0.000000000000000000e+00 0.000000000000000000e+00 0.000000000000000000e+00 0.000000000000000000e+00 0.000000000000000000e+00 0.000000000000000000e+00 0.000000000000000000e+00 0.000000000000000000e+00 0.000000000000000000e+00 0.000000000000000000e+00 0.000000000000000000e+00 0.000000000000000000e+00 0.000000000000000000e+00 0.000000000000000000e+00 0.000000000000000000e+00 0.000000000000000000e+00 0.000000000000000000e+00 0.000000000000000000e+00 0.000000000000000000e+00 0.000000000000000000e+00 0.000000000000000000e+00 9.416207165361541707e-21 0.000000000000000000e+00 0.000000000000000000e+00 0.000000000000000000e+00
3.939792144297686034e-19 -3.829231571612543895e-19 1.404309596662993114e-18 1.803787835284474201e-19 -5.538401816240964759e-19 2.115102542071152844e-19 4.932232413648735535e-19 7.120686113164812876e-19 4.808675588154316087e-19 -1.889207663700968770e-19 3.207406825485494076e-19 3.792336929571901402e-19 1.915747631842205908e-19 2.097960532252751446e-19 2.772346139458454898e-19 2.836801192455355245e-18 7.428743876068637432e-19 1.188241510714642312e-18 0.000000000000000000e+00 0.000000000000000000e+00 0.000000000000000000e+00 0.000000000000000000e+00 0.000000000000000000e+00 0.000000000000000000e+00 0.000000000000000000e+00 0.000000000000000000e+00 0.000000000000000000e+00 0.000000000000000000e+00 0.000000000000000000e+00 0.000000000000000000e+00 0.000000000000000000e+00 0.000000000000000000e+00 0.000000000000000000e+00 0.000000000000000000e+00 0.000000000000000000e+00 0.000000000000000000e+00 0.000000000000000000e+00 0.000000000000000000e+00 0.000000000000000000e+00 0.000000000000000000e+00 0.000000000000000000e+00 0.000000000000000000e+00 0.000000000000000000e+00
3.288316691513727273e-18 2.173482268747036580e-18 1.605369952262013713e-18 -3.556250981312987887e-19 1.351181645663814379e-18 5.352455773686002291e-19 3.925657209527373206e-19 2.341837195820213833e-20 4.549576655967265712e-19 3.203781024693935535e-19 3.237016328997292615e-19 7.071147493194498309e-19 3.497911627116429158e-19 2.892417281693490246e-19 4.461486283371724713e-19 7.428743876068637432e-19 3.643866462245384110e-18 1.860518771576800156e-18 0.000000000000000000e+00 0.000000000000000000e+00 0.000000000000000000e+00 0.000000000000000000e+00 0.000000000000000000e+00 0.000000000000000000e+00 0.000000000000000000e+00 0.000000000000000000e+00 0.000000000000000000e+00 0.000000000000000000e+00 0.000000000000000000e+00 0.000000000000000000e+00 0.000000000000000000e+00 0.000000000000000000e+00 0.000000000000000000e+00 0.000000000000000000e+00 0.000000000000000000e+00 0.000000000000000000e+00 0.000000000000000000e+00 0.000000000000000000e+00 0.000000000000000000e+00 0.000000000000000000e+00 1.091944110291901380e-20 0.000000000000000000e+00 0.000000000000000000e+00
5.185491674862628547e-18 -1.035825338077328974e-18 -1.491074647404533247e-19 6.923320264905348184e-19 7.197239171563596998e-19 5.697505876604711445e-20 1.324869074324529003e-18 1.400117511949834085e-19 4.360339462646495122e-19 -6.860975519921329531e-20 4.441501526188652920e-19 4.537117528234050980e-19 -4.655672604998377027e-21 4.177987925232722533e-19 5.633890919432460246e-19 1.188241510714642312e-18 1.860518771576800156e-18 6.523880339786609433e-18 0.000000000000000000e+00 0.000000000000000000e+00 0.000000000000000000e+00 0.000000000000000000e+00 0.000000000000000000e+00 0.000000000000000000e+00 0.000000000000000000e+00 0.000000000000000000e+00 0.000000000000000000e+00 0.000000000000000000e+00 0.000000000000000000e+00 0.000000000000000000e+00 0.000000000000000000e+00 0.000000000000000000e+00 0.000000000000000000e+00 0.000000000000000000e+00 0.000000000000000000e+00 0.000000000000000000e+00 0.000000000000000000e+00 0.000000000000000000e+00 0.000000000000000000e+00 0.000000000000000000e+00 0.000000000000000000e+00 0.000000000000000000e+00 0.000000000000000000e+00
6.827855588608003543e-17 8.515331811044191203e-17 0.000000000000000000e+00 0.000000000000000000e+00 0.000000000000000000e+00 0.000000000000000000e+00 0.000000000000000000e+00 0.000000000000000000e+00 0.000000000000000000e+00 0.000000000000000000e+00 0.000000000000000000e+00 0.000000000000000000e+00 0.000000000000000000e+00 0.000000000000000000e+00 0.000000000000000000e+00 0.000000000000000000e+00 0.000000000000000000e+00 0.000000000000000000e+00 3.017480574713815336e-16 -3.443544094849816362e-18 7.527142305850780254e-19 -3.265903086087457829e-18 2.335018209015567759e-18 2.599110388061753124e-19 1.079656749180052513e-18 3.174966358944382658e-18 1.502986980780616808e-18 1.179292219393335222e-16 6.397307437650373733e-17 0.000000000000000000e+00 0.000000000000000000e+00 0.000000000000000000e+00 0.000000000000000000e+00 0.000000000000000000e+00 0.000000000000000000e+00 0.000000000000000000e+00 0.000000000000000000e+00 0.000000000000000000e+00 0.000000000000000000e+00 0.000000000000000000e+00 0.000000000000000000e+00 0.000000000000000000e+00 0.000000000000000000e+00
0.000000000000000000e+00 0.000000000000000000e+00 2.935518434528128830e-17 1.148385054202764757e-17 0.000000000000000000e+00 0.000000000000000000e+00 0.000000000000000000e+00 0.000000000000000000e+00 0.000000000000000000e+00 0.000000000000000000e+00 0.000000000000000000e+00 0.000000000000000000e+00 0.000000000000000000e+00 0.000000000000000000e+00 0.000000000000000000e+00 0.000000000000000000e+00 0.000000000000000000e+00 0.000000000000000000e+00 -3.443544094849816362e-18 8.181479603042877998e-17 1.535771122824635920e-18 -2.808075972476273888e-18 -9.873415203090548095e-19 3.038090870316133428e-18 3.363507914957230482e-18 3.555083579876822805e-18 -5.322652103402228057e-20 6.950296193609667756e-17 3.852531817171942973e-17 2.540413025111232908e-17 0.000000000000000000e+00 0.000000000000000000e+00 0.000000000000000000e+00 0.000000000000000000e+00 0.000000000000000000e+00 0.000000000000000000e+00 0.000000000000000000e+00 0.000000000000000000e+00 0.000000000000000000e+00 0.000000000000000000e+00 0.000000000000000000e+00 0.000000000000000000e+00 0.000000000000000000e+00
0.000000000000000000e+00 0.000000000000000000e+00 0.000000000000000000e+00 6.451294297565595309e-18 8.707750082337325150e-18 0.000000000000000000e+00 0.000000000000000000e+00 0.000000000000000000e+00 0.000000000000000000e+00 0.000000000000000000e+00 0.000000000000000000e+00 0.000000000000000000e+00 0.000000000000000000e+00 0.000000000000000000e+00 0.000000000000000000e+00 0.000000000000000000e+00 0.000000000000000000e+00 0.000000000000000000e+00 7.527142305850780254e-19 1.535771122824635920e-18 4.318932463680555222e-17 3.456183376413783166e-18 -2.419268380900134086e-19 -1.685229436609478952e-18 2.357186693603385539e-18 1.514177365268939735e-18 2.637643009687800798e-18 0.000000000000000000e+00 0.000000000000000000e+00 1.547521451019776106e-17 9.951735688961665451e-18 5.326856730549580193e-18 0.000000000000000000e+00 0.000000000000000000e+00 0.000000000000000000e+00 0.000000000000000000e+00 0.000000000000000000e+00 0.000000000000000000e+00 0.000000000000000000e+00 0.000000000000000000e+00 0.000000000000000000e+00 0.000000000000000000e+00 0.000000000000000000e+00
0.000000000000000000e+00 0.000000000000000000e+00 0.000000000000000000e+00 0.000000000000000000e+00 2.781442285360010096e-18 3.935862016572576377e-18 0.000000000000000000e+00 0.000000000000000000e+00 0.000000000000000000e+00 0.000000000000000000e+00 0.000000000000000000e+00 0.000000000000000000e+00 0.000000000000000000e+00 0.000000000000000000e+00 0.000000000000000000e+00 0.000000000000000000e+00 0.000000000000000000e+00 0.000000000000000000e+00 -3.265903086087457829e-18 -2.808075972476273888e-18 3.456183376413783166e-18 3.395040031585307558e-17 2.491309850179904075e-18 -1.001349689779487281e-18 -7.495033717994887782e-19 -9.090582556221317516e-19 2.275222491307950203e-18 0.000000000000000000e+00 0.000000000000000000e+00 0.000000000000000000e+00 7.026036971287324133e-18 3.625103187579877518e-18 1.925997340818813678e-18 0.000000000000000000e+00 0.000000000000000000e+00 0.000000000000000000e+00 0.000000000000000000e+00 0.000000000000000000e+00 0.000000000000000000e+00 0.000000000000000000e+00 0.000000000000000000e+00 0.000000000000000000e+00 0.000000000000000000e+00
0.000000000000000000e+00 0.000000000000000000e+00 0.000000000000000000e+00 0.000000000000000000e+00 0.000000000000000000e+00 2.367164803548402367e-18 0.000000000000000000e+00 0.000000000000000000e+00 0.000000000000000000e+00 0.000000000000000000e+00 0.000000000000000000e+00 0.000000000000000000e+00 0.000000000000000000e+00 0.000000000000000000e+00 0.000000000000000000e+00 0.000000000000000000e+00 0.000000000000000000e+00 0.000000000000000000e+00 2.335018209015567759e-18 -9.873415203090548095e-19 -2.419268380900134086e-19 2.491309850179904075e-18 3.265419906740339925e-17 3.540795464748331760e-18 1.080010892347792903e-18 1.911293823181444339e-19 3.916757607054148486e-18 0.000000000000000000e+00 0.000000000000000000e+00 0.000000000000000000e+00 0.000000000000000000e+00 2.866100896363781066e-18 1.325667110297511538e-18 0.000000000000000000e+00 0.000000000000000000e+00 0.000000000000000000e+00 0.000000000000000000e+00 0.000000000000000000e+00 0.000000000000000000e+00 0.000000000000000000e+00 0.000000000000000000e+00 0.000000000000000000e+00 0.000000000000000000e+00
0.000000000000000000e+00 0.000000000000000000e+00 0.000000000000000000e+00 0.000000000000000000e+00 0.000000000000000000e+00 0.000000000000000000e+00 3.979801226880199373e-18 0.000000000000000000e+00 0.000000000000000000e+00 0.000000000000000000e+00 0.000000000000000000e+00 0.000000000000000000e+00 0.000000000000000000e+00 0.000000000000000000e+00 0.000000000000000000e+00 0.000000000000000000e+00 0.000000000000000000e+00 0.000000000000000000e+00 2.599110388061753124e-19 3.038090870316133428e-18 -1.685229436609478952e-18 -1.001349689779487281e-18 3.540795464748331760e-18 3.992095124273575429e-17 2.074945388774078425e-18 1.726679083903884010e-18 3.910667335246659555e-18 0.000000000000000000e+00 0.000000000000000000e+00 0.000000000000000000e+00 0.000000000000000000e+00 0.000000000000000000e+00 1.139015555420687777e-18 5.321787219521109123e-19 0.000000000000000000e+00 0.000000000000000000e+00 0.000000000000000000e+00 0.000000000000000000e+00 0.000000000000000000e+00 0.000000000000000000e+00 0.000000000000000000e+00 0.000000000000000000e+00 0.000000000000000000e+00
0.000000000000000000e+00 0.000000000000000000e+00 0.000000000000000000e+00 0.000000000000000000e+00 0.000000000000000000e+00 0.000000000000000000e+00 0.000000000000000000e+00 3.195834483468851661e-18 0.000000000000000000e+00 0.000000000000000000e+00 0.000000000000000000e+00 0.000000000000000000e+00 0.000000000000000000e+00 0.000000000000000000e+00 0.000000000000000000e+00 0.000000000000000000e+00 0.000000000000000000e+00 0.000000000000000000e+00 1.079656749180052513e-18 3.363507914957230482e-18 2.357186693603385539e-18 -7.495033717994887782e-19 1.080010892347792903e-18 2.074945388774078425e-18 4.488822695775162554e-17 1.451344602594219163e-18 1.465039572542702134e-18 0.000000000000000000e+00 0.000000000000000000e+00 0.000000000000000000e+00 0.000000000000000000e+00 0.000000000000000000e+00 0.000000000000000000e+00 4.384449344445493443e-19 2.320463191601383816e-19 0.000000000000000000e+00 0.000000000000000000e+00 0.000000000000000000e+00 0.000000000000000000e+00 0.000000000000000000e+00 0.000000000000000000e+00 0.000000000000000000e+00 0.000000000000000000e+00
0.000000000000000000e+00 0.000000000000000000e+00 0.000000000000000000e+00 0.000000000000000000e+00 0.000000000000000000e+00 0.000000000000000000e+00 0.000000000000000000e+00 6.891365975448977705e-19 0.000000000000000000e+00 0.000000000000000000e+00 0.000000000000000000e+00 0.000000000000000000e+00 0.000000000000000000e+00 0.000000000000000000e+00 0.000000000000000000e+00 0.000000000000000000e+00 0.000000000000000000e+00 0.000000000000000000e+00 3.174966358944382658e-18 3.555083579876822805e-18 1.514177365268939735e-18 -9.090582556221317516e-19 1.911293823181444339e-19 1.726679083903884010e-18 1.451344602594219163e-18 4.092426389841533922e-17 1.726080414820845073e-18 0.000000000000000000e+00 0.000000000000000000e+00 0.000000000000000000e+00 0.000000000000000000e+00 0.000000000000000000e+00 0.000000000000000000e+00 0.000000000000000000e+00 1.619956793433312755e-19 0.000000000000000000e+00 0.000000000000000000e+00 0.000000000000000000e+00 0.000000000000000000e+00 0.000000000000000000e+00 0.000000000000000000e+00 0.000000000000000000e+00 0.000000000000000000e+00
0.000000000000000000e+00 0.000000000000000000e+00 0.000000000000000000e+00 0.000000000000000000e+00 0.000000000000000000e+00 0.000000000000000000e+00 0.000000000000000000e+00 0.000000000000000000e+00 1.541779443323763974e-18 0.000000000000000000e+00 0.000000000000000000e+00 0.000000000000000000e+00 0.000000000000000000e+00 0.000000000000000000e+00 0.000000000000000000e+00 0.000000000000000000e+00 0.000000000000000000e+00 0.000000000000000000e+00 1.502986980780616808e-18 -5.322652103402228057e-20 2.637643009687800798e-18 2.275222491307950203e-18 3.916757607054148486e-18 3.910667335246659555e-18 1.465039572542702134e-18 1.726080414820845073e-18 4.146138982107273482e-17 0.000000000000000000e+00 0.000000000000000000e+00 0.000000000000000000e+00 0.000000000000000000e+00 0.000000000000000000e+00 0.000000000000000000e+00 0.000000000000000000e+00 1.486672429447915150e-19 0.000000000000000000e+00 0.000000000000000000e+00 0.000000000000000000e+00 0.000000000000000000e+00 0.000000000000000000e+00 0.000000000000000000e+00 0.000000000000000000e+00 0.000000000000000000e+00
2.486301602226439406e-16 1.982029585403631785e-16 1.500469317479799864e-16 0.000000000000000000e+00 0.000000000000000000e+00 0.000000000000000000e+00 0.000000000000000000e+00 0.000000000000000000e+00 0.000000000000000000e+00 0.000000000000000000e+00 0.000000000000000000e+00 0.000000000000000000e+00 0.000000000000000000e+00 0.000000000000000000e+00 0.000000000000000000e+00 0.000000000000000000e+00 0.000000000000000000e+00 0.000000000000000000e+00 1.179292219393335222e-16 6.950296193609667756e-17 0.000000000000000000e+00 0.000000000000000000e+00 0.000000000000000000e+00 0.000000000000000000e+00 0.000000000000000000e+00 0.000000000000000000e+00 0.000000000000000000e+00 5.966631186003315374e-15 -4.687721454880275478e-16 4.766758187183173498e-17 9.291713762230324074e-18 1.696074771282021401e-17 1.191355375757831570e-17 6.808917880384874288e-18 -7.159259585047404116e-19 3.300771396880787948e-18 -5.357199085555194563e-18 1.072050036617461062e-18 5.758722440586323875e-19 -6.489467553442543454e-18 5.578203763945326508e-19 9.406420227455257062e-19 -1.088408856390168066e-18
1.983155409762417235e-16 1.151884083774964980e-16 9.766078985544425807e-17 5.780587575901413080e-17 0.000000000000000000e+00 0.000000000000000000e+00 0.000000000000000000e+00 0.000000000000000000e+00 0.000000000000000000e+00 0.000000000000000000e+00 0.000000000000000000e+00 0.000000000000000000e+00 0.000000000000000000e+00 0.000000000000000000e+00 0.000000000000000000e+00 0.000000000000000000e+00 0.000000000000000000e+00 0.000000000000000000e+00 6.397307437650373733e-17 3.852531817171942973e-17 0.000000000000000000e+00 0.000000000000000000e+00 0.000000000000000000e+00 0.000000000000000000e+00 0.000000000000000000e+00 0.000000000000000000e+00 0.000000000000000000e+00 -4.687721454880366197e-16 1.566852311619343086e-15 -4.949968258254327302e-17 3.224204767840206222e-18 1.080532908027587268e-17 3.105121500473030683e-19 2.882077212113801965e-18 8.997748574129263598e-19 -1.115704395473866070e-19 -3.347253579464246670e-19 6.226919291650731061e-19 2.763510273698060746e-19 1.016763813424045298e-18 -2.661556804900777475e-19 -1.146146611432068110e-18 -3.004541804111807205e-19
0.000000000000000000e+00 0.000000000000000000e+00 6.093935508959044291e-17 3.887693475924858170e-17 2.517461147784101566e-17 0.000000000000000000e+00 0.000000000000000000e+00 0.000000000000000000e+00 0.000000000000000000e+00 0.000000000000000000e+00 0.000000000000000000e+00 0.000000000000000000e+00 0.000000000000000000e+00 0.000000000000000000e+00 0.000000000000000000e+00 0.000000000000000000e+00 0.000000000000000000e+00 0.000000000000000000e+00 0.000000000000000000e+00 2.540413025111232908e-17 1.547521451019776106e-17 0.000000000000000000e+00 0.000000000000000000e+00 0.000000000000000000e+00 0.000000000000000000e+00 0.000000000000000000e+00 0.000000000000000000e+00 4.766758187182736543e-17 -4.949968258254471516e-17 6.619962708944487442e-16 -3.163476893246208527e-17 2.502959373582132382e-18 5.911342871336200961e-18 1.086516629183615504e-18 1.304747989139111300e-18 1.478223999849082004e-18 3.024202863681445206e-19 2.655178292734769262e-20 -1.389367673062122478e-18 7.861590808131912290e-19 -2.990115950633937806e-19 -4.531912463663379203e-19 2.516139945356543757e-19
0.000000000000000000e+00 0.000000000000000000e+00 0.000000000000000000e+00 2.767170302145598484e-17 1.731214304763232850e-17 0.000000000000000000e+00 0.000000000000000000e+00 0.000000000000000000e+00 0.000000000000000000e+00 0.000000000000000000e+00 0.000000000000000000e+00 0.000000000000000000e+00 0.000000000000000000e+00 0.000000000000000000e+00 0.000000000000000000e+00 0.000000000000000000e+00 0.000000000000000000e+00 0.000000000000000000e+00 0.000000000000000000e+00 0.000000000000000000e+00 9.951735688961665451e-18 7.026036971287324133e-18 0.000000000000000000e+00 0.000000000000000000e+00 0.000000000000000000e+00 0.000000000000000000e+00 0.000000000000000000e+00 9.291713762231889470e-18 3.224204767840019406e-18 -3.163476893246247354e-17 3.830355840248876685e-16 -1.810127888184668503e-17 1.848999454170104387e-18 1.515650983473811616e-18 4.972115144579067025e-19 5.950307096679592692e-19 1.359008442710050793e-19 1.003920743812159256e-18 -8.287143022084607465e-19 -2.816220164772672104e-19 -3.142092754312798477e-19 5.780884720974132164e-19 -1.895105926119383242e-19
0.000000000000000000e+00 0.000000000000000000e+00 0.000000000000000000e+00 0.000000000000000000e+00 1.044248847172315136e-17 6.996285856780115754e-18 0.000000000000000000e+00 0.000000000000000000e+00 0.000000000000000000e+00 0.000000000000000000e+00 0.000000000000000000e+00 0.000000000000000000e+00 0.000000000000000000e+00 0.000000000000000000e+00 0.000000000000000000e+00 0.000000000000000000e+00 0.000000000000000000e+00 0.000000000000000000e+00 0.000000000000000000e+00 0.000000000000000000e+00 5.326856730549580193e-18 3.625103187579877518e-18 2.866100896363781066e-18 0.000000000000000000e+00 0.000000000000000000e+00 0.000000000000000000e+00 0.000000000000000000e+00 1.696074771282119392e-17 1.080532908027597128e-17 2.502959373582003730e-18 -1.810127888184657410e-17 1.565449054828162330e-16 -5.517497953890175217e-18 1.720265776966921126e-18 1.151867721899358574e-18 1.070246940728072556e-18 -2.543997465108223762e-19 1.339400030579444647e-19 1.779707239466596051e-20 1.302480185613741176e-19 -4.529790041826430397e-19 -1.949231129114885025e-19 2.165334503867150961e-19
0.000000000000000000e+00 0.000000000000000000e+00 0.000000000000000000e+00 0.000000000000000000e+00 0.000000000000000000e+00 3.999168787613366085e-18 2.677569842304088013e-18 0.000000000000000000e+00 0.000000000000000000e+00 0.000000000000000000e+00 0.000000000000000000e+00 0.000000000000000000e+00 0.000000000000000000e+00 0.000000000000000000e+00 0.000000000000000000e+00 0.000000000000000000e+00 0.000000000000000000e+00 0.000000000000000000e+00 0.000000000000000000e+00 0.000000000000000000e+00 0.000000000000000000e+00 1.925997340818813678e-18 1.325667110297511538e-18 1.139015555420687777e-18 0.000000000000000000e+00 0.000000000000000000e+00 0.000000000000000000e+00 1.191355375757846361e-17 3.105121500473278647e-19 5.911342871335900516e-18 1.848999454170385958e-18 -5.517497953889981853e-18 6.857843468692696199e-17 -6.108457770030545510e-19 5.524724005625469568e-19 -2.732777748454248715e-19 1.793407227331565162e-19 -3.501899009609754030e-20 -3.215925211784338785e-19 -1.775507608321167608e-19 -1.395669521095319061e-19 2.514212950227446532e-20 3.404859489623716917e-20
0.000000000000000000e+00 0.000000000000000000e+00 0.000000000000000000e+00 0.000000000000000000e+00 0.000000000000000000e+00 0.000000000000000000e+00 1.427707352779839204e-18 1.005127387443196551e-18 0.000000000000000000e+00 0.000000000000000000e+00 0.000000000000000000e+00 0.000000000000000000e+00 0.000000000000000000e+00 0.000000000000000000e+00 0.000000000000000000e+00 0.000000000000000000e+00 0.000000000000000000e+00 0.000000000000000000e+00 0.000000000000000000e+00 0.000000000000000000e+00 0.000000000000000000e+00 0.000000000000000000e+00 0.000000000000000000e+00 5.321787219521109123e-19 4.384449344445493443e-19 0.000000000000000000e+00 0.000000000000000000e+00 6.808917880384885073e-18 2.882077212114164039e-18 1.086516629183704867e-18 1.515650983473919275e-18 1.720265776966824445e-18 -6.108457770032308699e-19 3.812294990025438971e-17 8.864942369352604511e-19 -1.148106585348217946e-19 -2.763961650810934228e-19 -4.257909514425818361e-19 -1.099480066909551001e-19 -5.449661821904650100e-20 -1.786791294486025591e-19 -1.123516169616978978e-19 5.304581448384217203e-20
0.000000000000000000e+00 0.000000000000000000e+00 0.000000000000000000e+00 0.000000000000000000e+00 0.000000000000000000e+00 0.000000000000000000e+00 0.000000000000000000e+00 5.135608167665037202e-19 0.000000000000000000e+00 0.000000000000000000e+00 0.000000000000000000e+00 0.000000000000000000e+00 0.000000000000000000e+00 0.000000000000000000e+00 0.000000000000000000e+00 0.000000000000000000e+00 0.000000000000000000e+00 0.000000000000000000e+00 0.000000000000000000e+00 0.000000000000000000e+00 0.000000000000000000e+00 0.000000000000000000e+00 0.000000000000000000e+00 0.000000000000000000e+00 2.320463191601383816e-19 1.619956793433312755e-19 1.486672429447915150e-19 -7.159259585046799374e-19 8.997748574131087454e-19 1.304747989139239182e-18 4.972115144578656802e-19 1.151867721899312737e-18 5.524724005625495568e-19 8.864942369352666141e-19 2.093456036932245270e-17 -1.262187852493915914e-18 -4.125141009151606007e-19 -1.730680502741671102e-19 -2.660874321292758199e-19 -8.877182242797846242e-20 -2.643269223551099607e-19 -1.199134261334666762e-19 -6.259137629121423616e-21
0.000000000000000000e+00 0.000000000000000000e+00 0.000000000000000000e+00 0.000000000000000000e+00 0.000000000000000000e+00 0.000000000000000000e+00 0.000000000000000000e+00 0.000000000000000000e+00 1.863215073972956787e-19 1.282943399930202223e-19 0.000000000000000000e+00 0.000000000000000000e+00 0.000000000000000000e+00 0.000000000000000000e+00 0.000000000000000000e+00 0.000000000000000000e+00 0.000000000000000000e+00 0.000000000000000000e+00 0.000000000000000000e+00 0.000000000000000000e+00 0.000000000000000000e+00 0.000000000000000000e+00 0.000000000000000000e+00 0.000000000000000000e+00 0.000000000000000000e+00 0.000000000000000000e+00 0.000000000000000000e+00 3.300771396880795651e-18 -1.115704395473648199e-19 1.478223999849206227e-18 5.950307096679330765e-19 1.070246940728047712e-18 -2.732777748453814417e-19 -1.148106585348133927e-19 -1.262187852493900699e-18 8.634317267051672216e-18 -1.318756218033957938e-19 -7.633954183663561034e-20 -8.900137007095318958e-20 -1.680394529821562463e-19 -1.065651573265516639e-19 -1.761834084138714985e-19 -6.030853781665993831e-20
0.000000000000000000e+00 0.000000000000000000e+00 0.000000000000000000e+00 0.000000000000000000e+00 0.000000000000000000e+00 0.000000000000000000e+00 0.000000000000000000e+00 0.000000000000000000e+00 0.000000000000000000e+00 0.000000000000000000e+00 4.874325083309521534e-20 0.000000000000000000e+00 0.000000000000000000e+00 0.000000000000000000e+00 0.000000000000000000e+00 0.000000000000000000e+00 0.000000000000000000e+00 0.000000000000000000e+00 0.000000000000000000e+00 0.000000000000000000e+00 0.000000000000000000e+00 0.000000000000000000e+00 0.000000000000000000e+00 0.000000000000000000e+00 0.000000000000000000e+00 0.000000000000000000e+00 0.000000000000000000e+00 -5.357199085555132163e-18 -3.347253579464074299e-19 3.024202863681837614e-19 1.359008442710233275e-19 -2.543997465108124576e-19 1.793407227331534347e-19 -2.763961650810646302e-19 -4.125141009151424488e-19 -1.318756218033924716e-19 4.489230486867978592e-18 -3.238694992477606803e-19 -1.512347763462860858e-19 -1.291101682128098751e-19 -1.685283489562690529e-19 4.564063770110695646e-21 -6.541906204373750931e-20
